Opportunity_ID,Target
10689,0.6532945678653025
10689,0.2312506077735167
10689,0.9528546410964689
10690,0.6776184808811725
10690,0.08415724261414859
10690,0.2335959835360517
10690,0.10372545803222177
10690,0.4378661539590162
10691,0.08989593147097064
10692,0.9055363443382214
10692,0.8600391790400551
10692,0.01944439669381015
10692,0.4058319894096877
10692,0.579571371978242
10692,0.4287835655716844
10693,0.8595883751778723
10694,0.37678657446570096
10695,0.19593843971501013
10695,0.9684298830011726
10695,0.36872004906865974
10696,0.5768931881673018
10696,0.4753953221761764
10696,0.29333094670058757
10696,0.41512982930951337
10697,0.36792783057336664
10697,0.23849577875182648
10697,0.29025964978611296
10697,0.6225641480605045
10697,0.7549195249646282
10698,0.6296555885829511
10698,0.7924450778646489
10699,0.5995863529404367
10699,0.4083409853935983
10699,0.44642497255428115
10699,0.19083883111448585
10699,0.7485536246879247
10700,0.5663694455639842
10700,0.46021998471405423
10700,0.7578721038268513
10701,0.9129259499940208
10701,0.17278789486905366
10701,0.9614153790403555
10702,0.14852097735603098
10703,0.6098095218573331
10703,0.5586666257920999
10703,0.8035846677348484
10704,0.15429021040505708
10705,0.2265176096294067
10705,0.4457861570535985
10706,0.007331615485399956
10706,0.19871422659253524
10707,0.8163318536631611
10708,0.43960844330672466
10709,0.5897330133235325
10710,0.6967458841749543
10711,0.43062523978189426
10712,0.12152290064912663
10713,0.3257335509235859
10714,0.22716745133698135
10715,0.8681914175661514
10716,0.8290876444027607
10717,0.33342959573426434
10718,0.8822675444447619
10719,0.33088609577964556
10720,0.735963532197879
10721,0.011992267987203764
10722,0.3160867989647723
10723,0.5575855398602593
10724,0.9626966985126244
10725,0.07416209439913601
10726,0.43475151268591783
10727,0.8109402099328947
10728,0.898456497729566
10729,0.3426581629694271
10730,0.0722721304798819
10731,0.6352388459627414
10732,0.05165581299857169
10732,0.24363114993889567
10732,0.7625871130093674
10732,0.9406572496029693
10733,0.9193185598760718
10733,0.4512716839400842
10733,0.5299973120560072
10733,0.19408031840411677
10734,0.8558097503467798
10735,0.10942984745207229
10736,0.2139566488636181
10737,0.22654266881797736
10738,0.8642347417948266
10739,0.24368718881604734
10740,0.42335696327229366
10741,0.7809586693508974
10742,0.8002558947132874
10742,0.22279023819416977
10743,0.7601006029413173
10744,0.7208669978135948
10745,0.3024501362421612
10746,0.5160692563607026
10747,0.23657040217654102
10748,0.42587350305699656
10748,0.6825566058298711
10749,0.4077494460078537
10750,0.33892910408882204
10750,0.03583559953795956
10750,0.5436981506175154
10750,0.606487656679719
10751,0.3597685631482701
10752,0.14362595603989936
10753,0.3411471794788179
10754,0.6095427254960374
10754,0.8974111263699116
10754,0.09913422276879813
10754,0.45387014666380276
10754,0.007661317187144134
10754,0.08407557071066363
10755,0.3979516506121977
10756,0.4285036310839143
10757,0.8651480509749014
10758,0.12046511346034183
10758,0.8186617405777886
10758,0.650045460342873
10758,0.9331346288047067
10758,0.4059845426227997
10758,0.3583781659467006
10758,0.704364044574723
10758,0.5298038972234386
10759,0.22270358976970073
10760,0.579314593155515
10761,0.8264471125734492
10762,0.3804111684477156
10763,0.07246368994699948
10764,0.5016969232495297
10765,0.9531531896967926
10766,0.8164574748937364
10766,0.030140736643942234
10766,0.8047767766576375
10766,0.42733959088679296
10767,0.0028405319831228404
10767,0.5516854516458022
10767,0.6579812054539906
10768,0.09376962396650135
10769,0.45121822398633926
10770,0.8546287006452438
10771,0.41894295634283674
10772,0.4994377131950174
10772,0.46454828813339566
10773,0.9548319884675832
10774,0.2765782959300537
10775,0.9677408537291639
10776,0.5660122412543842
10777,0.8243242330131391
10778,0.12388574862505786
10779,0.4547377459242161
10779,0.4293686803057004
10779,0.4338924631139649
10780,0.3345818862102179
10781,0.035120075857535626
10782,0.060284002050214225
10783,0.5258811074020466
10784,0.4024828844805446
10784,0.8213550834449196
10785,0.053733540375796474
10786,0.4124671264506098
10787,0.699799560906225
10787,0.32474382035056737
10787,0.05807706903236176
10788,0.44172524581630357
10789,0.5613361117178525
10790,0.03347881522031715
10791,0.845276516679205
10791,0.05520650397466875
10792,0.5310370580750589
10793,0.11495123999326795
10794,0.09992469894788003
10795,0.7047445075906232
10796,0.024471749436161594
10796,0.8070876224339648
10796,0.2005529574456335
10796,0.7589994801166707
10796,0.25358548219220456
10796,0.6584854248023088
10796,0.7408667688676325
10797,0.8885300411988419
10797,0.05452642276071684
10797,0.8802797082044029
10797,0.5289488238337579
10798,0.36800328349206024
10798,0.2133578362368247
10798,0.5183016724524515
10798,0.06101156847949318
10799,0.826876860267516
10799,0.8410368840646737
10799,0.012793762071566905
10799,0.012794808185987772
10800,0.6802039271271908
10800,0.19670744064350143
10800,0.5558592916770564
10800,0.5512735165755356
10801,0.5020880062740223
10801,0.7514701023626803
10801,0.589977714510398
10802,0.01455456705481828
10802,0.47807626668358016
10802,0.15644328327531454
10802,0.4558154823330781
10803,0.10969058828328082
10803,0.024316721466400737
10803,0.4451696478265602
10803,0.8616281313186844
10803,0.06889360184164928
10803,0.1854628359703695
10804,0.5544704012213385
10804,0.10673706177945985
10804,0.7272565693455633
10804,0.24294051430154073
10804,0.8119595858764262
10804,0.5321227657831329
10804,0.2948765882092351
10804,0.04690986577194156
10804,0.663471165001269
10804,0.678112186292126
10804,0.757784195836232
10805,0.4052586047838871
10805,0.287404690206685
10806,0.22463607129866348
10806,0.034390066559222054
10806,0.771800711292421
10807,0.22640716552700646
10808,0.10982917604134834
10808,0.0681541445290641
10808,0.9085603801805993
10808,0.7046145108522981
10808,0.35033982343092673
10809,0.888906242517001
10809,0.1538785723284386
10810,0.18903236978746296
10811,0.10251896283608442
10812,0.19146452094921196
10812,0.7929423214310788
10813,0.8843344868188787
10814,0.886001996991346
10815,0.6864895593292072
10816,0.2981421754721246
10817,0.7082688113155095
10818,0.7303812573142391
10819,0.9514325050452009
10820,0.495519299394519
10820,0.5330553893484125
10821,0.4653546723283737
10822,0.28829799683211876
10822,0.6420407756555407
10822,0.7888253414208881
10823,0.2954892471884355
10824,0.15626136356399833
10825,0.4268757705717712
10826,0.30283900595784985
10826,0.9090404860404765
10827,0.8736563200844985
10828,0.41330212343955
10829,0.7317027843505106
10829,0.5584180646905625
10829,0.4549414874500385
10830,0.5740767973757278
10831,0.5545140653223072
10832,0.23217354893574438
10833,0.9246186564835754
10834,0.18182960976254703
10835,0.9973078399032208
10835,0.04435882830301929
10835,0.44187814173136464
10836,0.450501624871506
10837,0.7335474380049788
10838,0.7542047845717698
10839,0.5678397201669098
10840,0.7932356304008298
10841,0.16816400275958798
10841,0.24766411554456114
10842,0.9586333896257795
10843,0.1244897469487003
10844,0.44654702057554685
10845,0.16337249408793342
10845,0.23093777903145807
10845,0.7345636424020884
10846,0.762479920294473
10847,0.46443672773047917
10848,0.4483453775268499
10849,0.8754764193428756
10850,0.5379959168539086
10850,0.5704057609726948
10851,0.1161391084195812
10852,0.29616638413362584
10853,0.38602133518713466
10853,0.9329513806088428
10854,0.09415633878651608
10854,0.147959063900873
10855,0.5344469840956381
10855,0.9158485288830726
10856,0.6264787323238206
10857,0.14036297306890388
10857,0.9992815845481253
10858,0.14489279803311106
10858,0.9503638001442145
10858,0.5686841936038827
10858,0.42335485598832856
10859,0.5022636669612246
10860,0.20156067665316646
10861,0.10251126938994348
10861,0.9057028009711917
10862,0.579375349191397
10863,0.4605015980439776
10864,0.7032444209704128
10864,0.553670477389849
10865,0.35623417522101386
10865,0.44715079295022386
10866,0.4460257126915903
10867,0.8072698000393357
10868,0.08648179167210035
10868,0.9650579277852837
10869,0.7566691981962493
10870,0.9392935410745629
10871,0.8205392264079004
10871,0.4520439991881161
10871,0.04853569667253199
10872,0.74419509110836
10873,0.7502090011308818
10874,0.3780395534428165
10874,0.2207703040090392
10874,0.9748656233098733
10875,0.7207554265643811
10875,0.03268065314858204
10876,0.16436795987331343
10876,0.16826185434211183
10877,0.08806139128805968
10878,0.4457430816672595
10879,0.3404888580753095
10880,0.8844152936727587
10881,0.05047156021688293
10882,0.6968921078561577
10883,0.9446505258177915
10884,0.47578567761537327
10885,0.1435764959984469
10886,0.509324276738996
10886,0.654187097482449
10887,0.04588451779148528
10888,0.5067761683539126
10889,0.898796849365765
10889,0.5621793548640351
10890,0.6096764683914501
10891,0.6546760550591294
10892,0.8606932516051701
10892,0.45072684813302655
10893,0.10995149287652561
10894,0.37027938586263076
10895,0.1455364565352828
10896,0.41263348291846724
10896,0.16100779368387474
10896,0.7324887528332297
10897,0.0813550558686762
10898,0.4896219359235662
10899,0.8960660080077913
10900,0.9205550088615155
10900,0.9347331167710445
10901,0.6616985386897133
10902,0.19506084124357204
10903,0.4570520434137434
10904,0.3539394942882742
10905,0.2679942037898836
10906,0.6666058161959497
10907,0.172714159011509
10908,0.43998356909951875
10909,0.16946948454126654
10910,0.5342947180052917
10911,0.03212241953602646
10912,0.9853722200521364
10913,0.1757253309760598
10913,0.5641139713874856
10913,0.34380064392817755
10913,0.4761378695809657
10914,0.2977161840583422
10914,0.12344500330409247
10914,0.6019637624572143
10914,0.3454500023474756
10914,0.6896537714794738
10914,0.19896965389830124
10914,0.8005744017330448
10914,0.2764577539344544
10915,0.44020207556981694
10916,0.23537374375863263
10917,0.05484599163822779
10917,0.011920709056923218
10918,0.4515217874580667
10919,0.7992194036937038
10920,0.5589651986949096
10921,0.06058454760463905
10922,0.5691152311933918
10923,0.6984630987036823
10923,0.6371566571981829
10924,0.07857231431807588
10924,0.06469831377263424
10925,0.45362028726648007
10925,0.3016570417836131
10926,0.30719866256291317
10927,0.38166163336001035
10928,0.81309533430724
10929,0.4865034773209479
10930,0.36787658226667463
10930,0.7737338202044448
10930,0.2996627335975408
10930,0.21552507544570276
10931,0.2767898489021796
10932,0.39880517455608533
10933,0.7327810713660718
10934,0.7763549564942963
10934,0.7244942621024599
10935,0.9275165576201673
10936,0.7141360024040545
10936,0.16493015379892573
10937,0.04653241688572374
10938,0.8556714424896923
10939,0.8207329213268677
10939,0.07012853498808913
10940,0.9838762226987833
10940,0.5313132649721407
10940,0.48373790404710726
10941,0.5715394213690242
10942,0.30860199305077096
10943,0.4949901779603899
10944,0.2568496109384334
10945,0.9585765846844542
10946,0.4670172616570184
10947,0.22878496109081914
10947,0.8063240590692513
10948,0.5388808385846788
10949,0.1331541910448153
10950,0.7220673240613179
10951,0.9961766940871759
10952,0.9251801592375413
10953,0.2795662309291629
10954,0.8953288797581134
10955,0.26112829938449034
10956,0.2561616407853393
10957,0.8046280061005059
10958,0.30511452863332655
10959,0.7302803876884513
10960,0.2326281219536499
10961,0.36928018769987914
10962,0.9354901649704506
10963,0.8268995098752545
10964,0.09466151961271041
10964,0.7123575601224207
10965,0.3340086286957503
10966,0.9456218000736138
10967,0.9541815121634662
10967,0.3394185392007525
10968,0.5299731067174481
10969,0.05169703092414968
10970,0.06603596526587074
10971,0.907951720242594
10971,0.6477482593795345
10971,0.38878270622489575
10972,0.852582511006114
10972,0.45662681235251124
10972,0.635622438426956
10972,0.80312169832028
10972,0.2295168765126978
10972,0.8990862714327271
10973,0.8851162640541121
10973,0.7047105138450427
10973,0.5849706333805752
10973,0.9981561128841767
10973,0.8558462032220444
10973,0.6808767488691359
10973,0.9077447327683987
10973,0.7008989765711483
10973,0.4885746675609409
10973,0.21794169126443652
10973,0.7703299845123103
10973,0.6383982196283067
10973,0.9169432687739166
10973,0.855416485518508
10973,0.9681777472942142
10973,0.20050200857953304
10973,0.7769028599123995
10973,0.5479850807235066
10973,0.662057871266798
10973,0.6854114384150934
10973,0.7424682512664093
10973,0.4338846396373114
10973,0.556563361154237
10973,0.8971764587185528
10974,0.47353529857100507
10975,0.7640118864879224
10975,0.3660188000328938
10975,0.6931583441016567
10976,0.5575345850586367
10977,0.9769701925041763
10978,0.9542330183259705
10979,0.5913920428634615
10980,0.0932521631528852
10981,0.035219620160843235
10981,0.5339873260159979
10982,0.7651211677681435
10983,0.07442862789525262
10984,0.3615228780747246
10984,0.1082077449736526
10984,0.4956516458354401
10985,0.7196689466672533
10986,0.7204691039814006
10987,0.310184716077183
10987,0.6285012315654599
10988,0.353406036258025
10988,0.6163338463925744
10989,0.4868681365251152
10990,0.817265395977885
10991,0.6601097960050036
10992,0.38111169103799714
10993,0.09638978057011172
10993,0.35939842510990916
10994,0.8978714543254619
10995,0.9010411360472242
10996,0.46219955693388226
10997,0.4346915495318744
10998,0.7968549511686411
10998,0.7593116143092088
10999,0.22097753018397248
10999,0.5974015300992838
10999,0.7262313379116986
10999,0.4217369222478574
11000,0.833878369116049
11001,0.9793104714586183
11002,0.3196395886719322
11003,0.16387448785171987
11004,0.7621700803925795
11005,0.8894562814768602
11006,0.8700353080549792
11006,0.6806018142317007
11006,0.7702389997116006
11006,0.5683822261107481
11006,0.7524212327016166
11006,0.2546058706252955
11006,0.16689714758029905
11006,0.9973489575886991
11007,0.31697112633067037
11007,0.7566154231769147
11008,0.9473838154692928
11009,0.931003961283434
11010,0.33872946483602795
11011,0.5807893720698375
11012,0.225766553049081
11012,0.1103800348320586
11013,0.2882174857622525
11013,0.6768929676783325
11014,0.09261309910406079
11014,0.9439356784593361
11014,0.12088541681190679
11015,0.21868740365860606
11016,0.07548896978200637
11017,0.3169112260230802
11018,0.06391898370074056
11019,0.1811414383111971
11019,0.8949630077409195
11020,0.36903203283410335
11021,0.9150278809440121
11022,0.05830576849382274
11022,0.26597379533950494
11022,0.19882797961659315
11023,0.827736108644025
11024,0.15546447446000666
11024,0.6294156978712396
11025,0.6113234186045
11026,0.6517281556638947
11027,0.6740240034013785
11028,0.16171350245067806
11029,0.07379425773623338
11030,0.5793947804526544
11031,0.41426642594767094
11032,0.5351536638584319
11033,0.398276684144901
11034,0.17942542497038416
11034,0.8928545441513055
11034,0.3169788921693196
11035,0.7137299964175509
11036,0.7377593030635432
11037,0.6221015411230515
11038,0.6009554631346539
11039,0.9099553596432913
11039,0.3361284272269973
11040,0.2210300575734202
11041,0.8333631217345144
11042,0.3092798420279873
11043,0.5812431311487738
11043,0.9369020629456155
11044,0.3101822301890286
11045,0.7860049658683002
11045,0.1700608352291757
11045,0.10819746830753163
11045,0.6719002442113391
11046,0.9584833590731817
11047,0.42698140915621263
11048,0.013620598307368392
11049,0.6296462006914577
11050,0.5926044680410673
11051,0.08960625028473956
11052,0.9506063917546915
11053,0.9875530722928609
11054,0.39251210613704524
11054,0.5901367691304792
11054,0.4215705759875391
11054,0.20835792979053958
11055,0.3071835172015339
11056,0.6125092949777816
11057,0.12525794937497448
11057,0.9506145627514517
11057,0.8903783253725469
11058,0.3453127266593977
11058,0.9438601114236498
11059,0.26978921971598924
11060,0.25066504266546497
11060,0.21528249659776932
11061,0.9260671250798469
11062,0.32938639091021715
11063,0.19326391919133434
11064,0.5462821894245963
11065,0.5452371263380306
11066,0.23274241631877957
11067,0.014660298223288404
11068,0.13476021604494715
11069,0.9081574411278835
11069,0.6431741191323989
11069,0.03969924655696466
11069,0.6671139406806161
11070,0.5466279311934715
11070,0.7003291887208128
11071,0.2306207255949423
11071,0.43454982688775623
11072,0.1582572542642653
11073,0.4107095137159068
11073,0.1432745876107283
11074,0.833589658755416
11074,0.17310833454343066
11074,0.9962222474488381
11075,0.5061182581671145
11076,0.427863373858154
11077,0.6696890666596607
11077,0.20282585943325815
11078,0.39194502762159456
11079,0.7909681897140078
11080,0.23313625460948062
11080,0.1921601047579986
11081,0.0514919185540591
11082,0.8645254666015829
11082,0.8254846410375313
11082,0.24157113863977764
11082,0.3306897837550391
11083,0.18542464131758307
11084,0.7980005259884765
11085,0.6298668621703623
11085,0.5973239672291123
11086,0.46061186415495914
11086,0.6909778485064936
11086,0.22797854206626467
11086,0.21747588619496194
11087,0.39470546796722694
11087,0.2812397449450983
11088,0.9550900574243387
11088,0.015368799525398602
11088,0.04933734670031198
11089,0.28057367756621276
11089,0.20615940983349657
11089,0.3793345008517146
11089,0.3889853000326774
11089,0.3917282527393965
11089,0.27632120178553976
11089,0.758181909504142
11089,0.2430315361283033
11089,0.46377935842671836
11089,0.8521902545027874
11089,0.06832721852460177
11089,0.6310214069118644
11089,0.19094190656797216
11089,0.2205524824959615
11089,0.8520962367324945
11089,0.5772061029519177
11089,0.536880508341236
11089,0.5347083290706514
11090,0.2991812274163841
11091,0.9710735040308377
11091,0.013793406080838566
11092,0.09518497803289139
11092,0.36494538135001575
11092,0.6295634192378708
11093,0.20904547282564467
11093,0.01626099712941942
11093,0.258421167737786
11093,0.9286119880050362
11094,0.8988749836076863
11095,0.25466567584133604
11096,0.4237178411963377
11097,0.19878064189196087
11097,0.8333048365737358
11097,0.9928085197359586
11098,0.2546281236983634
11099,0.37015413577744205
11100,0.7386291812609208
11101,0.8962464540672493
11102,0.8509594567161217
11103,0.9495672338306805
11104,0.6444000823013626
11105,0.8283924854199359
11106,0.21625251015631552
11107,0.887241067150509
11107,0.2730587111016367
11107,0.5993095312124295
11108,0.03423407059579098
11108,0.4183180364897564
11109,0.7749298880596529
11110,0.6168667563998718
11110,0.4813530115420446
11222,0.773585946096236
11223,0.4691490742690104
11223,0.6981356311251918
11223,0.638666761293117
11223,0.299320494389408
11224,0.19964474936117527
11224,0.286163439119258
11224,0.18929463963881166
11224,0.22033100696660823
11225,0.03091809659257072
11226,0.41461413195258123
11227,0.414347177279222
11228,0.8104645266283552
11229,0.3558898775418663
11230,0.023318216320452057
11230,0.3037515822600104
11231,0.2578692484066665
11232,0.5019966913692852
11233,0.2608766732235708
11233,0.8123371145562854
11234,0.12744837582467794
11235,0.8882267534896302
11236,0.7326241742010571
11236,0.2139467575717594
11236,0.37181325959269185
11236,0.9597045013360856
11236,0.9740067498686337
11236,0.28894749262563135
11236,0.971463945661002
11236,0.15195376954591522
11236,0.4719045470557989
11237,0.8691783969393599
11237,0.8064734409515982
11238,0.8065615199683793
11239,0.9035254698476295
11240,0.7263095080128223
11240,0.5167886866120942
11241,0.24881512797919292
11242,0.14800531547631401
11243,0.8624994354343055
11244,0.6867783993428964
11245,0.5345888664873254
11245,0.4176683323837359
11246,0.5914869543910176
11247,0.6159285467448649
11248,0.03297930230212265
11248,0.16272861826648066
11248,0.42384691381350714
11248,0.3767697640935712
11248,0.429372220796454
11248,0.8707654781487503
11248,0.9273157668759424
11248,0.23647467823443769
11248,0.2683936196915405
11248,0.710687442136968
11248,0.13942012455255381
11249,0.44251408929194724
11249,0.6009034497543972
11250,0.128063554652888
11251,0.47928456914693884
11252,0.44033637961054806
11253,0.4575133906568758
11253,0.9385142685373853
11254,0.8567839445299011
11255,0.5732472897262285
11256,0.007307887261259527
11257,0.8356275796797682
11258,0.009409764522371633
11259,0.05527251336602368
11260,0.19709720285037147
11260,0.4009895323763454
11260,0.903220554403209
11261,0.9874756814271246
11262,0.6074714509683656
11262,0.518165671603255
11263,0.09615191325174632
11264,0.6649699642635053
11265,0.4920925504383309
11266,0.2406416685297028
11267,0.1408351643625606
11268,0.4377867612459143
11269,0.6482916623819939
11270,0.13319261452893805
11271,0.04075593629403185
11272,0.9072882399791568
11273,0.2267117410590489
11273,0.8205427808500221
11273,0.5970127453396478
11274,0.4150842347320367
11274,0.3061912132888116
11275,0.4209009253643957
11275,0.23766615788278123
11275,0.3809177023270781
11276,0.46196815775433697
11277,0.7494898472179543
11277,0.27556268965256436
11277,0.9140205807726759
11277,0.07419504881424799
11278,0.454350371159306
11279,0.7177422824216703
11280,0.44362540034337694
11280,0.34687021240550375
11280,0.4660288566434566
11280,0.15080632449534526
11280,0.5299974247010292
11280,0.15374997727841666
11280,0.583973973973575
11280,0.39378930332318296
11280,0.29481971142044394
11280,0.034611421448471624
11281,0.5017327156409827
11282,0.9215795168926783
11283,0.5846499445997762
11284,0.5526793139652048
11285,0.09668601131629095
11286,0.06545668907878754
11287,0.2946165866750712
11288,0.0145443730212792
11289,0.12007285575537041
11290,0.2585046807359751
11291,0.6879606767422053
11292,0.38221108855837127
11293,0.0924791224898126
11294,0.3845699767523204
11294,0.1901892488083532
11294,0.5434260145552363
11295,0.4951037365384676
11296,0.32004959635786345
11296,0.6426162387991159
11296,0.6151258341713054
11296,0.02954488439170533
11296,0.3491045595757034
11296,0.1564326731585438
11296,0.7808312036785229
11296,0.33565000786183274
11297,0.05170761605627616
11298,0.44467608918423096
11299,0.1033947183692493
11300,0.4570609642926784
11301,0.7653240070220695
11302,0.5152104441579854
11303,0.473107098912252
11304,0.22877512704455372
11304,0.9860973142430463
11305,0.20123898164192677
11306,0.557951898274682
11307,0.5882070959894194
11308,0.2705231789769649
11309,0.032329637089064556
11309,0.26282921492145295
11310,0.04615205078142115
11311,0.6886721938676393
11312,0.07084795759211837
11313,0.4210153732609042
11314,0.4897718179686562
11315,0.5076078409134442
11316,0.27729213212072445
11317,0.16225260654437135
11318,0.3760210745422049
11319,0.8753986687450758
11320,0.5056201539609458
11320,0.17698582287644105
11321,0.6572125290818727
11322,0.39739960672455077
11323,0.8037107695638783
11324,0.9821416418021272
11325,0.47643717200495006
11326,0.9135512905508195
11327,0.032133208588342455
11328,0.7617160963555516
11329,0.21482629555461286
11330,0.18417696655595617
11331,0.19791660590608717
11332,0.07137126275601358
11332,0.2739190915733133
11333,0.366468404428559
11333,0.7100745536209905
11334,0.7516763549823323
11334,0.8502201478182708
11335,0.46986825151961964
11335,0.18334480456413205
11336,0.8005827227711925
11337,0.347999069013758
11338,0.6219865106751223
11339,0.13089504782127293
11340,0.7647864820787307
11341,0.8110072437676081
11342,0.5312845900991437
11342,0.002443642599127327
11342,0.5451404017628337
11342,0.05221116758239286
11343,0.2301976333214889
11344,0.2559416493837974
11345,0.1720940994952168
11345,0.9783600316406899
11346,0.2741256543031432
11347,0.9012197166652367
11347,0.22580218392193518
11348,0.1486996504104804
11349,0.631255703989598
11350,0.22534861648274995
11351,0.9336442010375673
11352,0.5261646669374471
11352,0.3835678466514425
11353,0.24012976320481916
11353,0.6619776895876263
11354,0.26170052015040357
11354,0.7628208130986851
11355,0.9842547424085415
11356,0.5779682228853019
11357,0.7418804464869291
11357,0.8058183777895274
11357,0.7437368637287365
11358,0.8737111728098305
11359,0.6065898163255156
11360,0.90150764986388
11361,0.18475482527785236
11362,0.6715127171842321
11363,0.7196604431760182
11364,0.37731396672553263
11365,0.13966641223992593
11366,0.5528863656768338
11367,0.6558491099114329
11367,0.6194576458940811
11367,0.7171311740938384
11368,0.2141302050464413
11368,0.49273218504400285
11369,0.5437365745625223
11370,0.2813503591723685
11370,0.3241656471494495
11371,0.21212432667295922
11371,0.848925894547161
11372,0.5010555277715553
11372,0.5298406882151456
11373,0.9063126589151557
11374,0.04047198909814864
11375,0.34019836979469686
11376,0.9367186420348066
11377,0.6046230348166284
11378,0.2169939891409436
11379,0.8620206292025837
11380,0.1084636829979857
11381,0.020142098292612487
11381,0.5706892119148075
11381,0.21421700209444594
11382,0.266927695450225
11382,0.9968540645673462
11383,0.915624880263422
11383,0.8957002228482194
11384,0.610887316634289
11385,0.9520782481424386
11385,0.2010477078341728
11386,0.2139499593644515
11386,0.7014916459383771
11386,0.6638336945648332
11387,0.783740696610589
11388,0.4861191075616049
11389,0.17015249429793688
11390,0.9115731323748872
11391,0.9599012263658804
11392,0.7456420185457048
11393,0.06440139133118872
11394,0.822639641489997
11394,0.38795650437805307
11395,0.11397101475531268
11396,0.8478898138484945
11397,0.4284825126311599
11398,0.3841533636212523
11398,0.8168601427901317
11399,0.43397940328230766
11400,0.13188921508713236
11401,0.09691417570681038
11401,0.5515024168683409
11402,0.8429528313260292
11403,0.734229476430105
11404,0.958719107092261
11404,0.7571070177833227
11405,0.05035103507455252
11405,0.6359483380631131
11406,0.7521615931217879
11407,0.8677212108425072
11407,0.6174677203514269
11407,0.8872242868097341
11407,0.8670448851181622
11407,0.6195530684693751
11407,0.6760443548202001
11407,0.08211483597245528
11407,0.8384874998543442
11407,0.6662951381645457
11408,0.33255776524843117
11408,0.9184533257228685
11408,0.5911040319222015
11408,0.05173858905311479
11408,0.48386533546052213
11408,0.3104769592662341
11408,0.7100414339841706
11408,0.6428814800895057
11409,0.6540385787007926
11409,0.20190881608377997
11410,0.9321648561013564
11410,0.8440659927705295
11410,0.8826776596945394
11410,0.5112992212046361
11411,0.5054581837731439
11412,0.17589305941375677
11413,0.03689020592490022
11413,0.5807842087692238
11414,0.4629426751476724
11415,0.8344364977902482
11416,0.8820076090292271
11417,0.5342798071096116
11418,0.03777219805184939
11419,0.016482323604609994
11419,0.9943531412172664
11419,0.5419638898216235
11420,0.8534096965399662
11421,0.5831430712543381
11422,0.8614022991502389
11423,0.20442425097257766
11424,0.16228461215722423
11425,0.8293883907533537
11425,0.28014005935177844
11425,0.607251979577905
11426,0.37240139419317786
11426,0.2133499210133709
11426,0.09827793701664189
11427,0.6520342656815283
11428,0.015486861750072523
11429,0.6465459046826978
11430,0.9537203230982575
11431,0.15415645131602285
11432,0.7832199700720491
11433,0.08583580686377779
11434,0.6886577122461967
11435,0.019023527162380427
11436,0.5942537939648743
11437,0.11130697273499934
11437,0.26013405942556644
11437,0.6239005259744933
11438,0.311194845760576
11439,0.5707735363167435
11439,0.3010530175959101
11440,0.5826914601556922
11441,0.22885756465442098
11442,0.149786381801983
11443,0.3990057337563624
11444,0.6116975935171137
11445,0.32074957587312636
11446,0.8100138653244072
11447,0.05921214127224528
11448,0.2861701901430739
11449,0.18487079876044588
11450,0.33071428270767567
11451,0.11273933585688989
11452,0.09969847983768387
11453,0.5329794624834788
11454,0.4948482360573271
11454,0.5871083994556099
11454,0.8036361688970082
11455,0.8158951609529704
11456,0.660553032701314
11457,0.8960296833947925
11457,0.3053713960427906
11458,0.863720529413034
11458,0.8047400351956203
11458,0.11848550071955288
11458,0.8827797028716332
11458,0.13457016460354265
11459,0.29962276563529666
11460,0.06126250384856957
11461,0.7552603785616218
11461,0.21411291408901634
11462,0.6154603008540411
11462,0.22623409016971563
11463,0.271352010753948
11464,0.07206594423746593
11464,0.6728788979018341
11465,0.23492777915517338
11465,0.249114165980986
11466,0.5528329212889603
11466,0.5438967452849632
11467,0.46660117340821683
11467,0.8775293362019008
11468,0.9865839262428554
11468,0.7021160368856576
11469,0.4210263065429215
11469,0.9640117653341387
11470,0.23117266966333871
11471,0.5111386010656312
11472,0.8768378576768897
11472,0.628998105796404
11473,0.2223059454841778
11473,0.629909073422755
11474,0.7695321249615229
11475,0.002884169035223705
11476,0.9863303531949672
11477,0.907307146149805
11477,0.5952283070498549
11478,0.7119440449452468
11478,0.0803110561207303
11478,0.31577469648120793
11479,0.279952964365046
11480,0.7821495813092119
11481,0.4555754927588428
11482,0.03358761962617862
11483,0.7480889881293169
11484,0.02039970349252329
11485,0.15559808848762857
11486,0.7495091265760266
11487,0.02591410117671833
11488,0.5504928471336779
11489,0.6115326362094445
11490,0.5696404574069385
11490,0.7932763650098672
11490,0.5398959126718966
11490,0.9567557387996751
11490,0.23001061663898403
11490,0.8349581684149338
11491,0.09355883988002645
11491,0.698993285521552
11491,0.09612129704180905
11492,0.08791706753337203
11492,0.5176552121294855
11492,0.5610263564426744
11493,0.5217132538341481
11493,0.8980243858907359
11493,0.85723152506438
11494,0.5590584947950531
11495,0.4283276085721446
11495,0.5531933077768573
11496,0.07028611828213138
11497,0.3100848796360527
11498,0.35805964837122817
11499,0.4311946356040227
11500,0.17733030990617982
11501,0.8960516729764796
11501,0.28941185289817895
11502,0.28475920518100184
11502,0.03357275276352134
11502,0.0470360131794656
11502,0.011864433015028708
11503,0.7514376496056066
11503,0.5129033180441328
11503,0.2512269710183339
11504,0.03339510376432342
11505,0.7970202759076666
11505,0.1083060042981775
11505,0.3461094678734351
11506,0.11975322954962331
11506,0.5222744589760911
11507,0.01743561367881674
11508,0.4288673370367264
11509,0.5563072094417089
11509,0.15384318238033257
11510,0.5152308861184709
11511,0.9907657506534856
11512,0.2973005959953916
11513,0.019631645915091256
11513,0.19713201749171505
11514,0.6589457352919337
11515,0.7456247041365902
11515,0.39046414676951224
11515,0.10686516664199575
11515,0.3928268514919613
11516,0.23864563845701092
11517,0.9493408792846421
11518,0.8849446735794043
11519,0.9104796972632575
11520,0.7193550256700647
11521,0.3296238714613131
11521,0.8015319514306243
11522,0.9122944782908318
11523,0.5355848672556657
11524,0.8648394260450603
11525,0.6757967675744381
11526,0.6025845647487938
11527,0.780463054009945
11528,0.5837287877764222
11529,0.7217313575518297
11530,0.009413866375945878
11530,0.9577587522655406
11531,0.32146910206295565
11531,0.5971676406621214
11531,0.8953638415094144
11532,0.03844877722075091
11533,0.3896603823003627
11534,0.5729845057159275
11535,0.9968994543534657
11535,0.8531517100740394
11536,0.16379116927049242
11537,0.3349912904160205
11538,0.056293507554324385
11539,0.7893198140530845
11539,0.9513853305041602
11540,0.4321625105266239
11541,0.6045073539753679
11542,0.8614809691159252
11543,0.7249426309973365
11544,0.1970855777723568
11544,0.5671127397931683
11545,0.7318034082089577
11546,0.07763540214518483
11546,0.07364614574853423
11546,0.6553263319320365
11546,0.13961743110384928
11546,0.9510887764365795
11546,0.8125276585308753
11546,0.42846426660037995
11546,0.9693097494734745
11546,0.5987887009954906
11546,0.6902240009750841
11547,0.6028111282245385
11547,0.19178867489850804
11547,0.3047153682075119
11547,0.2195604029926822
11547,0.5471659786018116
11547,0.5760089665260183
11548,0.20262448845292824
11548,0.8699142438975235
11548,0.09185385866906504
11548,0.6888865462762868
11548,0.9750287456939273
11548,0.5913832145309849
11549,0.057498663780334525
11549,0.9810104100850746
11549,0.7291839044127871
11549,0.28993333284519807
11549,0.9634200594256638
11549,0.9688581529194076
11550,0.30766966985525035
11551,0.4469713489421002
11552,0.2653500434538125
11553,0.10371245791269579
11554,0.4675886043399009
11555,0.3917022973472024
11556,0.28853840486301785
11556,0.03993380380867151
11556,0.5811798111258544
11557,0.513373139137536
11558,0.06984519924156474
11559,0.6707929503888026
11560,0.08103684173656966
11561,0.41420815810489
11562,0.729371967796536
11562,0.7511929478888861
11563,0.6869787053046282
11564,0.6032176060616078
11565,0.16781918533355578
11565,0.1047694086119858
11566,0.8009547581510891
11567,0.5926619186049574
11568,0.9520573326039756
11569,0.708147904251366
11570,0.8121739206341156
11571,0.8048730837927697
11572,0.014236515505701042
11573,0.34203340341755784
11574,0.10004282319122715
11575,0.3677201523024223
11575,0.8364346671625108
11576,0.7312832932344114
11577,0.11939671520126716
11578,0.8412253622555108
11579,0.18187632196672132
11580,0.7106079579003444
11581,0.21228655507356609
11582,0.8267911921872061
11583,0.46694292847293806
11584,0.6401519378208498
11585,0.22223778575769737
11585,0.9081042624981405
11586,0.6685695407577261
11587,0.668902665075273
11588,0.23244853368761975
11589,0.4925647724205655
11589,0.2776772734149081
11590,0.5365141495770018
11591,0.6404748571875037
11592,0.8213196850644338
11594,0.7979943144816775
11595,0.5858436948833452
11596,0.13221030735114214
11596,0.618998761297962
11597,0.15851521394502288
11597,0.4563970026430155
11598,0.7458052997009417
11599,0.9627019234263186
11600,0.6401471443944421
11601,0.5718751793700246
11602,0.5853173765720379
11603,0.676082844095013
11603,0.3738604283965544
11603,0.2569950171109564
11604,0.7714321005376696
11604,0.48796056649080277
11604,0.1646128508821766
11605,0.051238215709156765
11606,0.38123311280174654
11606,0.9021307567900683
11606,0.4291018425430376
11607,0.29830255054657406
11607,0.7868510100031153
11607,0.5181987601480161
11608,0.786071875129052
11608,0.4689091397701304
11608,0.38157688259779
11609,0.0930910345594873
11609,0.5065588551521857
11609,0.8302259648545768
11609,0.3453135430467381
11609,0.4847474282645561
11609,0.3645892575907369
11609,0.7209895885284123
11610,0.864685489852798
11610,0.44101552421778256
11611,0.11701649032285122
11612,0.6943236446209471
11613,0.7706726950620452
11614,0.5533955921063214
11614,0.37226378747128586
11615,0.33350465558392195
11616,0.9471633849249929
11617,0.4128857590191398
11617,0.11497500784281367
11618,0.08468759938875992
11619,0.10179921607569808
11620,0.33095014248036336
11621,0.3086404429393048
11622,0.8925578859779182
11623,0.6868883609347519
11624,0.7117737323329998
11624,0.032273930668726414
11625,0.26019922526454664
11626,0.7479712116793348
11627,0.36701919024234975
11628,0.9590932593383962
11629,0.23368025569943573
11630,0.8049178643761601
11631,0.4351723373280977
11631,0.8453492312909605
11631,0.8859333349185151
11632,0.9989762815590731
11632,0.4329491577940686
11633,0.16829118271381638
11633,0.09602374440677697
11633,0.6261838555117585
11634,0.2860301101801137
11635,0.09955978024903545
11636,0.4456845921738355
11637,0.35120152188254705
11638,0.614050186759873
11638,0.8463218139921023
11638,0.3453792184427291
11639,0.35324103280367636
11640,0.5875924629045708
11640,0.9892926777564374
11641,0.7909878968277239
11642,0.493110722124651
11643,0.3242871313773853
11643,0.3274849287136069
11644,0.10925797777680202
11644,0.7164552875166971
11645,0.9794467979489234
11645,0.419472455611851
11646,0.9103115455088386
11647,0.7285462451724448
11648,0.9661752994054049
11649,0.10776632746445647
11649,0.3929989046890682
11650,0.26555982308307147
11651,0.793407674973699
11652,0.17668794607369598
11653,0.22994908260303437
11654,0.7425884642968985
11654,0.78052839812353
11655,0.5704300962731652
11656,0.8105596426819777
11657,0.6014134174649582
11657,0.5944912751780387
11657,0.06179792557892294
11657,0.11568675837799258
11658,0.6179025754977049
11658,0.6829346561666156
11659,0.3586290526908956
11660,0.5387893148033911
11660,0.5688829947410579
11661,0.7885542106826882
11662,0.4526094974056447
11663,0.07062565749225391
11664,0.6785941411042926
11665,0.03637547015900089
11666,0.3118927052799977
11668,0.9249379372312642
11669,0.29219218801941416
11670,0.9321704680287224
11671,0.6161709799308273
11672,0.29868257334727377
11673,0.33910233011498814
11674,0.4273659154549386
11674,0.8915002236802418
11674,0.8242478246552006
11674,0.5171223664722391
11675,0.1906001793567812
11676,0.36582556027517055
11677,0.026154862360368125
11678,0.4823518007930072
11679,0.22926042192314644
11680,0.33587051559707337
11680,0.5300409820430417
11681,0.1652876323688548
11681,0.3092238259829624
11681,0.5229084001536543
11681,0.9325691295833759
11682,0.3949579052857428
11683,0.16859128410796964
11684,0.8189469343709388
11684,0.7139225553798788
11684,0.719481099025708
11685,0.7310581251825611
11685,0.468978603117039
11686,0.0029491527117737615
11686,0.9109667540456073
11686,0.34400528473578607
11687,0.3665270406765544
11687,0.07432555571773714
11688,0.3897334964453434
11689,0.6738716367106151
11690,0.5928619406246468
11691,0.8755625172485538
11691,0.2355797949601165
11691,0.17581206895637025
11691,0.5440456858872992
11691,0.37674600179078166
11691,0.9556450831059926
11692,0.2284506397660998
11693,0.549848545937538
11694,0.3969118158839078
11695,0.30684862625093867
11696,0.11473147517909399
11696,0.4511601063468117
11696,0.8288787854368183
11697,0.558942981327826
11698,0.6359713558235768
11699,0.16832676295415694
11700,0.26274257877324625
11701,0.8996206556077969
11702,0.1937366666145035
11702,0.04229572649442026
11703,0.26131718196484244
11704,0.6406205493267172
11704,0.024056240966882414
11705,0.8611935547809765
11706,0.8672504747217568
11707,0.5505858553550808
11708,0.7987836911574577
11708,0.5453822727160237
11709,0.8231274786067945
11710,0.11355912713263028
11710,0.7434874077130832
11711,0.33273524779173924
11711,0.936615072252299
11711,0.31973919520655814
11712,0.65720754563411
11712,0.9739349280782559
11712,0.12588712967135995
11712,0.931880388899607
11713,0.030204064768030392
11713,0.1361763941629307
11714,0.4914115119808713
11715,0.3033697896529989
11716,0.6819551118876331
11717,0.30935665686134717
11717,0.01471385808278769
11718,0.03378237705075793
11719,0.0077601460531889765
11720,0.8475619682822981
11721,0.5399456537624515
11722,0.7250378545774463
11723,0.7388554377818533
11724,0.061789998577138405
11725,0.3686337513796608
11726,0.8888109511503104
11727,0.9393268081780489
11727,0.6899947491871689
11728,0.8068639799218487
11729,0.10539520702888594
11730,0.9132343917207946
11731,0.3169440438593537
11732,0.8357791129053326
11733,0.4232120063849836
11734,0.9984258074046798
11735,0.0975107335486336
11736,0.693118293981482
11737,0.6143104069129058
11738,0.9472110094042125
11739,0.9990821932104149
11740,0.590663378888554
11741,0.18751166372754158
11741,0.8910280476679908
11742,0.8202964984289226
11742,0.37080568782547585
11743,0.07380881550599183
11744,0.5197142934538841
11745,0.01018083269571346
11746,0.7341198500152507
11747,0.7450907070323886
11748,0.6317620732282266
11749,0.03491884758566988
11749,0.7714752576100783
11750,0.9993008184367451
11751,0.809929884285871
11752,0.7615169497183952
11753,0.6297622118115862
11754,0.879337742424871
11755,0.32113323742629973
11755,0.7878869633420108
11756,0.8214889159462867
11757,0.2786226722538555
11758,0.7780370080262783
11759,0.30818492616539506
11760,0.05261074611964256
11761,0.43854515024929375
11762,0.18590469535710807
11762,0.6808821512804617
11763,0.7206855363078211
11764,0.6511561369517973
11765,0.026140317057794626
11766,0.31590656622137636
11767,0.6275833150153841
11768,0.05115408866821691
11769,0.6191192081886981
11769,0.9324085795134602
11769,0.9953960339615846
11769,0.25310037317456646
11770,0.3170837861528031
11771,0.5174638395274558
11772,0.9860252201324101
11773,0.9779056655313947
11774,0.44561366458294516
11775,0.022241756625506093
11776,0.3574750600869112
11777,0.1435361768951141
11778,0.3817858143454692
11779,0.3089496707128371
11780,0.19162086247873777
11780,0.8305968708556772
11781,0.060718749445232145
11782,0.9328470272471134
11782,0.4192039886098783
11783,0.018493950230671907
11784,0.20156501193587228
11784,0.6844482468064261
11785,0.8643697397401559
11786,0.8775999173483473
11786,0.8473341993426833
11786,0.623653355029449
11786,0.9162995017449891
11786,0.8637674571443774
11786,0.1491710662224358
11787,0.4155385990511148
11788,0.3492706117822272
11789,0.6799994955792924
11789,0.9543763939431188
11790,0.4653344837375244
11791,0.29643248557412516
11792,0.12589886776106773
11793,0.13602524021608686
11794,0.17044832051746162
11794,0.1737265219014721
11794,0.27436366934527634
11795,0.41897888976408193
11795,0.7843059083621556
11796,0.8705410773886754
11797,0.0656821548332499
11798,0.5676381915831854
11799,0.21736405058927433
11800,0.6958923809534235
11800,0.14930814946073656
11801,0.41083448482415696
11801,0.42756440214161084
11802,0.47351210372456853
11802,0.5252656953410595
11803,0.976460316587614
11803,0.19524165498932455
11803,0.9774524184531107
11804,0.2692080328824661
11805,0.423226889646679
11805,0.5869478933471539
11806,0.9089783456135474
11807,0.3712759588979071
11807,0.9848368775792381
11808,0.37465637433015264
11808,0.8956235338155416
11809,0.1431692505972889
11810,0.3543106999835085
11811,0.031167231423225084
11812,0.7427936115495226
11813,0.7427871046670846
11814,0.023300816079246167
11814,0.8627232192318469
11814,0.14070183232447386
11815,0.11696082400003871
11815,0.3552876508903332
11816,0.042066127222234795
11817,0.9188412756655742
11818,0.056789088099631124
11819,0.4523028038131568
11820,0.6594582746233661
11820,0.13675207709091475
11821,0.770658399011045
11822,0.14193514592973888
11823,0.6756904163868396
11824,0.8094361446807317
11825,0.7104349539343092
11826,0.4141209069952614
11827,0.5080611884618906
11827,0.27273722719077353
11827,0.10998519327419465
11827,0.14989728495412102
11827,0.025565220859828708
11827,0.016804716976587364
11827,0.5025817197495284
11827,0.6317858749084385
11827,0.2235040872685412
11827,0.32548728776728264
11827,0.48445777218010877
11828,0.843656838943233
11829,0.18468102810186404
11830,0.9450653939983584
11830,0.5448850893824675
11830,0.9745526478980758
11830,0.20747213909248952
11830,0.2659753578655818
11830,0.2986064228732891
11830,0.7258256760180096
11830,0.7988856245956169
11830,0.11235722626703748
11831,0.5977469814148308
11832,0.85990580045479
11833,0.9620778171878496
11834,0.2777942701785707
11835,0.7536185002616239
11836,0.6991709987734275
11837,0.09290286619892785
11838,0.21995987568047148
11839,0.5514774195781614
11840,0.648284709363899
11841,0.8730724203832849
11842,9.57232229509275e-05
11842,0.3831179554888695
11843,0.016346680275929892
11844,0.48356524171185045
11845,0.21268896911595792
11846,0.2420097817758322
11847,0.36711011316028674
11848,0.9274958593074027
11849,0.5984227304207008
11850,0.33431981003055466
11851,0.8245354234632988
11852,0.23450895085426438
11853,0.9206570650742031
11854,0.6238537633243205
11855,0.7781460367467794
11856,0.38325525510823677
11857,0.0973828609914601
11858,0.4512766661196479
11858,0.05789556455806699
11859,0.934966233735722
11860,0.6420123804173297
11861,0.6855217899496785
11861,0.17570115859004043
11861,0.4925122159047741
11861,0.9783436708826673
11861,0.10742871609551197
11861,0.5342085393295298
11861,0.19393293664534672
11861,0.8147236591972458
11862,0.8429910059887331
11863,0.7990865626231403
11864,0.1911245063820871
11865,0.6747821186432291
11866,0.8769997269270887
11867,0.394599673231504
11868,0.6741811762905584
11869,0.3929889193002133
11869,0.00992543727803119
11869,0.3893627083584027
11869,0.2950014105228713
11869,0.9462135471471765
11869,0.09777084443165396
11869,0.6193275764758136
11869,0.32760871547164805
11869,0.4555231493808629
11869,0.6041893088934168
11869,0.7662746514539512
11869,0.32887039168187204
11869,0.37698199266261934
11869,0.6708351128294072
11869,0.02068088255869016
11870,0.5503585279499689
11870,0.0487626083500724
11870,0.7702379379762121
11870,0.6944395094713878
11870,0.3844603818621246
11870,0.8747460587371292
11870,0.16635782113357644
11870,0.1316277302116985
11871,0.7587137637686387
11872,0.6154115800642145
11873,0.6930995391881024
11873,0.793639197612384
11874,0.8571757774710355
11875,0.6764155823872988
11876,0.0650604690366966
11877,0.305381433101623
11877,0.46742818191489754
11877,0.4954773778032967
11877,0.16250049686139245
11877,0.049955566444730426
11877,0.12231625864094775
11877,0.016497821681064728
11877,0.2898699010650273
11878,0.010500838810653668
11879,0.44919794395358215
11879,0.035953006331894466
11880,0.7305084476159229
11881,0.49195836543456106
11882,0.3506754248447155
11883,0.788146436485951
11884,0.3605995085330621
11885,0.3523429420986458
11886,0.4305012967482831
11887,0.951326122132044
11887,0.8707271535709955
11887,0.8734062354107801
11888,0.40407918072351456
11889,0.7101047551726932
11889,0.035505024873689006
11890,0.5011775132473076
11890,0.41203855287643376
11891,0.9820425212335576
11892,0.38804721589905466
11893,0.8449498746899294
11894,0.38233918241305775
11895,0.8649496683920308
11895,0.8229085013034927
11896,0.5140431328410268
11896,0.8581910937022669
11896,0.267448694392425
11896,0.04375590204442814
11897,0.6404994592356266
11898,0.47872236344582697
11899,0.8957921565922834
11899,0.4127297458089927
11899,0.07271006219668597
11899,0.4963506645027089
11900,0.6887265857575235
11900,0.5663983701161572
11900,0.8727797307330162
11901,0.34566536497503253
11901,0.21534458480859386
11902,0.6848962164920646
11902,0.9470481068611644
11902,0.6277625433909942
11903,0.5250518455151806
11903,0.7305172456308414
11903,0.05783821752316176
11904,0.8167326263904179
11904,0.15367347176650592
11905,0.38858079718544447
11905,0.08124537377477525
11906,0.21920530752937017
11906,0.03795847574977995
11906,0.45598498714803093
11907,0.6235318721688874
11907,0.6387452525177675
11908,0.3901788521961028
11909,0.89432491346904
11910,0.8138945688398435
11911,0.7186086315697915
11912,0.5007098305630489
11912,0.1997838879861984
11913,0.10678858684338355
11913,0.07601808579176206
11913,0.21937039200400255
11914,0.29551572980046026
11914,0.25943695555458235
11915,0.5050852182075528
11916,0.07317803608255147
11916,0.9691463638288759
11916,0.7587107149773249
11917,0.02940146004118993
11917,0.6311761626796578
11917,0.17005626963858056
11918,0.4882632191915598
11919,0.7400344414499082
11920,0.6670082652127176
11921,0.9430774424670122
11921,0.060769677130103505
11922,0.022963715144776575
11922,0.07851546138011167
11923,0.19001445004600015
11923,0.5979300249995795
11924,0.49678887957850315
11924,0.6878629846540621
11925,0.1444638694558269
11926,0.12119535421233885
11927,0.7475549230580802
11928,0.24840976553800287
11929,0.41336436684168976
11930,0.1689295209291627
11931,0.8734560361881385
11932,0.08422885999393692
11933,0.4178570411005603
11934,0.5063588198840866
11935,0.06898220682502332
11936,0.7701980761770304
11937,0.9647798268520129
11938,0.13505965307365653
11938,0.9066094565281594
11939,0.008629214987900813
11940,0.646749982926057
11941,0.3057442774551786
11941,0.691154088543063
11942,0.994860489726142
11943,0.15215100577448204
11944,0.0023049270656543275
11945,0.8681993891671
11946,0.31738041935511796
11947,0.26815907147256834
11948,0.013709856367555284
11949,0.42146911597783243
11950,0.0804043934500619
11951,0.21416763463829147
11952,0.9562560635626749
11953,0.6975404616251402
11953,0.4055154989553683
11954,0.5920368693668131
11954,0.25023988645401085
11955,0.5221655232768703
11955,0.9696314199987043
11955,0.15695888740767683
11955,0.8958582506946278
11955,0.28600170142106507
11955,0.08990433910987738
11956,0.36742827729342187
11957,0.07428191190534628
11958,0.5629072400310821
11959,0.14826086889950774
11960,0.27565136561061043
11961,0.7771086715520885
11962,0.22940287477635457
11962,0.025839877208329476
11963,0.5478448352384659
11963,0.9220674297223883
11964,0.11890543145996091
11964,0.48651965602392855
11964,0.4632929600183159
11964,0.7382995109561553
11965,0.6996767194736322
11965,0.9576651074318315
11965,0.653682162224434
11966,0.20191931029899057
11967,0.9135398896531333
11967,0.13413099245612947
11967,0.11277489306349175
11968,0.20304665885229056
11968,0.23243139994024553
11968,0.7188000212481548
11968,0.9323050450533785
11968,0.6507799603199466
11968,0.14335289565230702
11968,0.9875347790241618
11969,0.16624423060905358
11969,0.130474332855252
11970,0.208256264988403
11970,0.04541290651426155
11971,0.6620514054800987
11972,0.5740713847408543
11972,0.7453468864007479
11973,0.9473402677296782
11974,0.8829840200085682
11974,0.12842209434147833
11975,0.9965994560407756
11976,0.1636818380420878
11977,0.4757046583935213
11978,0.2515231010381732
11978,0.854059783737863
11978,0.19284487431200004
11978,0.49924961009205804
11978,0.024108754876426053
11978,0.48239791589623826
11978,0.6080979627895166
11978,0.2522748966422915
11978,0.4377715547700677
11978,0.00511696104300241
11979,0.9711986407242591
11979,0.10175967101842631
11980,0.6377991880167545
11981,0.8790452678456656
11982,0.8085714248647933
11983,0.874117978265661
11984,0.4276397807473079
11985,0.445167126707115
11985,0.38660199145560437
11986,0.9580881931249634
11987,0.18980494378448265
11988,0.8153539593558435
11989,0.10950759444570413
11989,0.3772245064635713
11989,0.8406263738640717
11989,0.04408149898606073
11990,0.4290488594929621
11990,0.17783317907696627
11991,0.6399402007939904
11991,0.5362946137337993
11991,0.5616696485183429
11992,0.5156768449710795
11992,0.998829996305722
11992,0.4046978094521808
11993,0.0793055105242848
11993,0.21720853522678052
11993,0.6930060666475604
11994,0.9863013555673681
11994,0.49306793598417
11995,0.773564360307356
11995,0.5023653587955154
11995,0.4558560033116671
11995,0.4372549705321662
11995,0.26189818505570317
11995,0.6584952454507378
11996,0.8954235852133263
11996,0.050134971214340185
11997,0.21193073398250795
11997,0.7021011187089885
11998,0.2057313606126432
11999,0.21596685347602929
12000,0.3669857436270966
12001,0.06476318934971492
12002,0.6887095066706235
12003,0.4265664797495289
12004,0.5938650120458486
12005,0.6490030973911957
12005,0.6319103177802049
12005,0.7558262131066602
12005,0.6737278302351116
12006,0.7831413579335481
12007,0.8701409978646404
12008,0.8696193720877822
12009,0.9303526682338781
12009,0.3264842528514864
12010,0.6292065654491739
12011,0.5108641310879467
12012,0.7624730121730581
12013,0.9962374063889351
12013,0.7079412250963762
12014,0.4278904679068125
12015,0.052212130073762575
12015,0.9795868982238678
12016,0.8324014152952334
12017,0.4031911671417766
12017,0.29248804535902817
12018,0.5204237250606492
12019,0.8708009033851439
12019,0.6444375534203391
12020,0.20777370799600137
12020,0.31815517997177534
12020,0.2733727117959954
12020,0.4439111068124201
12020,0.8706610187718776
12020,0.6261161681390781
12021,0.029459460673917692
12022,0.12621054994447667
12023,0.3969146246375548
12023,0.4546612950259985
12024,0.19812327797541096
12025,0.9643995287783989
12026,0.043490998216372256
12027,0.8200337506694623
12028,0.719817268065056
12028,0.6751312130745954
12029,0.9792251923501496
12029,0.2844333644726341
12030,0.4501009898652375
12030,0.16051063345880345
12031,0.8755975178733005
12032,0.2949812980372397
12033,0.8449238862155147
12034,0.644318168491639
12035,0.6093706350056284
12036,0.7305068036280681
12037,0.08005571752747054
12038,0.5228620004463825
12039,0.26605028703487354
12040,0.2958723477227384
12041,0.39084270656077735
12042,0.6329491888908773
12043,0.9167691831847504
12043,0.42372362486408877
12044,0.8602560702881915
12044,0.4821570475014193
12045,0.6490316855641559
12045,0.2609678419180411
12046,0.5614597432845834
12046,0.1532124247658755
12047,0.03649012752746872
12047,0.47818768536028744
12048,0.17764560645330285
12049,0.3083506703300003
12050,0.3616142859880167
12051,0.5545810855697771
12052,0.2733130958417279
12053,0.9015315471628395
12054,0.036000994203457704
12055,0.7672822258779454
12055,0.799583900904093
12056,0.7919878435722951
12057,0.4581462000308617
12058,0.13188296086786433
12059,0.912651760355948
12060,0.8052168743251419
12060,0.2965572386613685
12060,0.5681224856660507
12061,0.6085962174423772
12062,0.4443473305027984
12063,0.6470064383661273
12064,0.610220580908393
12065,0.13855165723471985
12066,0.6778478950396996
12067,0.5204257216919018
12068,0.6941073829221064
12069,0.5813779822651421
12070,0.08742316283061458
12071,0.390524773597265
12072,0.8680464672444703
12073,0.7592176470054103
12074,0.05439866936518867
12074,0.15509903325457242
12075,0.9663533695882146
12075,0.019178615566178614
12076,0.07356736358520466
12077,0.46570427957304605
12078,0.7089355890045299
12079,0.1649369802937103
12080,0.4162999127349001
12080,0.31438064051447345
12080,0.710173202126404
12080,0.6114432318713533
12080,0.410041496049534
12080,0.33466552042005715
12080,0.08754569578433946
12080,0.6160356609768354
12080,0.8056381757691454
12081,0.43766823574867175
12081,0.18609374535634282
12081,0.0373884363891005
12082,0.5183433362495302
12082,0.11244209807580607
12082,0.3210961532029214
12083,0.624801969580899
12083,0.898436559134972
12083,0.8582110137161812
12084,0.022074077697236794
12084,0.9803678416049483
12085,0.20856364578288655
12086,0.41517141169305094
12087,0.019780925517872694
12088,0.6229757401546747
12089,0.9188954997577553
12090,0.2889059557285726
12091,0.7681761140513691
12092,0.45383079421129513
12093,0.3941334744299665
12094,0.9261885791342265
12095,0.6114457952670288
12096,0.8998275788055609
12097,0.45100066299742003
12098,0.3866268643592462
12099,0.9053203161909585
12099,0.04358948758337855
12100,0.508507693208402
12101,0.3460800986017435
12102,0.5700481650318828
12102,0.7159257506591953
12102,0.12677462080130797
12102,0.07427925670069657
12103,0.14717574363769537
12103,0.23883433471643578
12104,0.09103722211904763
12105,0.13719110211642316
12105,0.3575198239206103
12106,0.517316125462886
12107,0.1455344923362939
12108,0.026988756602808306
12109,0.9528936137046741
12110,0.16520146710273598
12111,0.44966697285791035
12111,0.7901521908693995
12112,0.028097207502564614
12113,0.9248728804946451
12114,0.5221333761167621
12114,0.25430547982342844
12115,0.8285249500936026
12116,0.6287765287058839
12117,0.6405976476316751
12117,0.7594136015716328
12117,0.8291410711881904
12117,0.4237273901823625
12117,0.33900228734194593
12117,0.7452790301605018
12117,0.8850351901824138
12117,0.5557069584241717
12118,0.6514032295776421
12119,0.8295181900791964
12119,0.20790482622991358
12120,0.8612844234482279
12121,0.5178676389267589
12121,0.625760641183425
12122,0.29987356570734114
12123,0.8822703249885622
12124,0.2511595143882096
12125,0.8796262221338778
12126,0.844032861456409
12127,0.5048056537220761
12128,0.9413998963847323
12129,0.33398936307448834
12130,0.856790440421786
12130,0.6074724934610881
12131,0.7642772850138778
12131,0.9797127117990412
12132,0.15503145483819647
12133,0.011678409096703146
12133,0.9608994757569082
12134,0.5538220524485704
12135,0.7592764198000017
12136,0.7469491730889717
12137,0.061299277755864856
12138,0.4953513590826488
12138,0.35079747140214
12139,0.3124649350933416
12139,0.3242043707073923
12140,0.2781283815319249
12140,0.1662213696173278
12141,0.47761970953540855
12142,0.5282088606944164
12143,0.6903425543767315
12143,0.9334741809923893
12144,0.827939950237273
12144,0.37768452264735564
12145,0.5941137452599728
12145,0.6208831366507099
12146,0.6675433150288289
12146,0.48530831242433736
12147,0.1769042826937376
12147,0.7506989485824475
12148,0.7986500209989899
12149,0.910151482203523
12150,0.8390337303886728
12151,0.6341059100986205
12152,0.4609285263025735
12153,0.35108267053926256
12154,0.8655369605487075
12155,0.5641670257082111
12156,0.8666721944195973
12157,0.5493745083895539
12158,0.12303738756115079
12159,0.3213979125556605
12160,0.8367773490320268
12161,0.6966652846500629
12161,0.31566472926751454
12161,0.6253486147174514
12162,0.9443992282045934
12162,0.48920130739774814
12162,0.053724730389479336
12163,0.9543228547227635
12163,0.787454887265601
12163,0.1604651866098723
12164,0.7306515427332546
12165,0.5411264108605955
12165,0.5008164171481051
12166,0.4869150932395827
12167,0.38577459207732845
12167,0.42270150107655025
12168,0.5312074873453176
12169,0.7775981612280221
12170,0.08567815851475558
12171,0.7278367194148778
12172,0.6753961392206101
12173,0.31888984524758257
12173,0.13627137005236278
12174,0.8470790914871749
12175,0.6479922836160197
12176,0.7762397275265892
12177,0.6461280580568829
12177,0.4136545503552632
12178,0.4479943042571637
12179,0.6621135583040408
12180,0.1726788685456041
12181,0.6240317372215154
12182,0.5347812998011973
12182,0.5965248314232516
12182,0.649177579440878
12182,0.7751180569831423
12182,0.22173494615216505
12182,0.4230425798570364
12183,0.6635914142858882
12183,0.7278021256024442
12184,0.13717703488438038
12185,0.5090511764040788
12185,0.541145325509431
12186,0.4943170291167147
12186,0.43825249644655695
12186,0.786995795980841
12187,0.6766098384212258
12187,0.02387765504457995
12188,0.2720987560477962
12189,0.40970484036023236
12190,0.38949697513719184
12191,0.07419150090230542
12192,0.07866314500295402
12193,0.6664832985205953
12193,0.42669081402564024
12193,0.1412254445771336
12194,0.7084348800414704
12194,0.17374496428167563
12195,0.19107795368291203
12196,0.076776702582386
12197,0.6530083513938827
12198,0.20432240937231316
12199,0.4118469231622164
12200,0.5271001986025482
12201,0.3210050878570959
12202,0.8127197786283844
12203,0.06509678693959609
12204,0.9274304690957782
12205,0.6625783949733228
12206,0.9230259133848311
12207,0.32547537260618276
12208,0.8158478885828495
12209,0.21192534452601552
12210,0.24979720649892878
12211,0.14196946441585256
12211,0.040920031690579894
12212,0.8263967575589753
12213,0.7706180403647505
12214,0.704971478310548
12215,0.7953482181518636
12216,0.7896071270522113
12216,0.42854282919583264
12217,0.2748356188211004
12218,0.7966866487170995
12219,0.3792843025713313
12220,0.7765896581672406
12221,0.5544004879517849
12221,0.9945644927242606
12222,0.647735886136022
12223,0.2990254622191968
12223,0.6955371690501385
12224,0.0052640317906337275
12224,0.1606382664185696
12224,0.4302610469772069
12225,0.26520196227452963
12226,0.04035990655949562
12227,0.5323540582439444
12227,0.06634231128096246
12228,0.3339369171971106
12229,0.4434299470529146
12230,0.8281855493639302
12230,0.4617657485345974
12230,0.6654891487304139
12230,0.9484335090261856
12231,0.32678202346982843
12232,0.1919894093139095
12232,0.7235181165668494
12232,0.4159208970921724
12232,0.5407472097782358
12232,0.32907818192133753
12232,0.4715241584618467
12232,0.015444887405761443
12232,0.4837058017939311
12232,0.8341065096233146
12233,0.5357972591516248
12233,0.16365411201504565
12233,0.3804055247981084
12233,0.7940679020062205
12233,0.7170772505879314
12233,0.5705771173640477
12234,0.07936514269149275
12235,0.9421806419432981
12236,0.6476798072910371
12237,0.9707278824276555
12237,0.574630238267385
12238,0.2739964484088737
12239,0.08420426995311814
12240,0.8443354302069564
12241,0.3275367651897412
12242,0.2283806607018226
12243,0.33468551352887155
12244,0.9579547480771764
12245,0.10240289406525704
12245,0.38294379386675304
12246,0.37076805687150227
12247,0.9115135993483472
12248,0.8538364979047772
12249,0.09252081689248892
12250,0.9229639333152149
12250,0.17713797319517266
12251,0.9162062734951264
12252,0.8302121708025311
12253,0.062126655309549084
12254,0.362209371246926
12254,0.11221850272214606
12255,0.9076644879703175
12256,0.2618153435592965
12257,0.12925928324679092
12258,0.7975127786346058
12259,0.6818747603494814
12260,0.48005404080243363
12260,0.8354515125074985
12261,0.597285574243749
12261,0.6183189628370498
12262,0.8392682683140607
12263,0.11484834457590065
12263,0.2842737276938334
12264,0.3289299264766711
12265,0.002457569442182117
12265,0.1605936913001964
12265,0.3307754093563755
12265,0.12480795550525903
12265,0.3626945149569828
12265,0.5912699913134536
12265,0.9839074562457378
12265,0.22874437401626957
12265,0.23079725055434297
12266,0.7454520968420979
12266,0.2587317997956209
12266,0.7223280004456797
12266,0.17698687962984172
12266,0.22541042086722618
12266,0.5135414985870138
12266,0.6053372504224435
12266,0.36920894109181024
12266,0.5385581185888344
12266,0.8290285381867335
12266,0.6892735512068511
12266,0.22921875902008337
12266,0.658584867028347
12266,0.7923525595560681
12266,0.09303512038455608
12266,0.023216659616432822
12266,0.7048989219018968
12266,0.8797025030195674
12266,0.733244760185994
12266,0.4968778698752475
12266,0.9591803279610026
12266,0.2533270448989694
12266,0.5223011590304097
12266,0.49613615174278836
12266,0.3524156935310381
12266,0.9860883269299257
12267,0.07747389705012109
12267,0.9941747541275111
12267,0.32559950635676926
12268,0.6217570309132091
12268,0.7778737959128341
12268,0.5223199901956602
12268,0.1838156985106998
12268,0.8251644398851143
12269,0.3231378684983238
12269,0.23949009120610254
12269,0.5288030325807441
12269,0.43529862277713405
12269,0.9273702843604301
12269,0.2806272357183812
12270,0.37960954604017494
12270,0.2531751572730617
12270,0.612338520395511
12270,0.9822647760992509
12271,0.13048192689336435
12272,0.32323380432715243
12273,0.9366859762511043
12273,0.8994840765088149
12274,0.39262181004657626
12274,0.7514352679093165
12274,0.17207379231530961
12274,0.2573982189731274
12274,0.6731796631946905
12275,0.2408779037925599
12276,0.7596097265886375
12276,0.9265798196715087
12276,0.17425186995311548
12276,0.7352222469111562
12276,0.8850182440391642
12276,0.8339854375247963
12276,0.6506100459993321
12276,0.30765401109517443
12276,0.9032110866023905
12277,0.30817119967953355
12278,0.8530746356997757
12278,0.6633195698162171
12279,0.14214238411616065
12280,0.4892063479883826
12281,0.5489314087632627
12282,0.06082981522179154
12283,0.056515460699404496
12283,0.6473083787459802
12284,0.43318947294176346
12285,0.6372858758255205
12286,0.17328944170485794
12286,0.772991340497382
12286,0.679385237418465
12286,0.07023871430605078
12286,0.8958486169660065
12286,0.7163266347057338
12286,0.8855772519741907
12286,0.6725125616650983
12287,0.5931342369580602
12287,0.9628565039633115
12288,0.6523430660535297
12288,0.1284492697162436
12289,0.5988520082751299
12289,0.41808174441212
12290,0.25197835446159156
12291,0.5281250186330314
12292,0.19037781748625415
12293,0.2305540364179255
12293,0.743103418616627
12294,0.8531065624623232
12294,0.3041079858964367
12294,0.14372171983948112
12295,0.29052249537144903
12295,0.9881145513557772
12295,0.6382521930931652
12295,0.24428146670366768
12295,0.7805181917276222
12295,0.02973177898036483
12296,0.2900164189250958
12297,0.42060040826135636
12298,0.35173240542951656
12299,0.5531614325033423
12299,0.8938359152114129
12300,0.8647192959201583
12300,0.7529156231710857
12300,0.30146872512861844
12300,0.46537834694372837
12300,0.40885389969253705
12300,0.45930925304180437
12301,0.8432450794611421
12302,0.5106761539312762
12303,0.2821019401555259
12304,0.01694131914712138
12305,0.533605202582996
12305,0.4252500569975671
12306,0.00591589317270258
12306,0.6631095023121335
12307,0.710518650312222
12308,0.002074106209649762
12309,0.1219742660861236
12310,0.4681467531270843
12310,0.4224378886742767
12311,0.08750576309143032
12311,0.7538975947204257
12311,0.5182966652199199
12312,0.8649943997625487
12313,0.3244328953773028
12314,0.7109718959404904
12314,0.9048130844511906
12315,0.6285205104089667
12316,0.8837715842928694
12317,0.10786364200256804
12318,0.5059021354749954
12319,0.835406500264422
12319,0.2782997510775226
12320,0.587562584672039
12321,0.6403257735957525
12322,0.8266989621558876
12323,0.8279828894324639
12324,0.20729366421347695
12325,0.7310640223544239
12326,0.8988756143305938
12327,0.39183947519200457
12328,0.6080143974230978
12329,0.6742479792317556
12330,0.9374755824777762
12331,0.9185717282271142
12332,0.37615258233577187
12333,0.4850334507159034
12334,0.5864432980853583
12335,0.547826158337668
12336,0.1006424631008822
12337,0.8044453666303721
12338,0.05543634359075589
12339,0.009861230290970635
12340,0.10616754195726075
12341,0.5582471066644945
12341,0.8547850266137275
12342,0.7212313419616021
12343,0.24078789742710172
12344,0.3555751192331822
12345,0.5626528197271335
12346,0.46416624374336246
12347,0.2435197708387049
12348,0.6096610590049865
12349,0.6235144861465
12350,0.19316289448831325
12351,0.7391678995590756
12352,0.5962258796451355
12353,0.2508308171900725
12354,0.3985718387293995
12354,0.6913628733915796
12354,0.6864249789363555
12354,0.5487949565139908
12354,0.06132961224690103
12354,0.5953596513910944
12355,0.4065706734732093
12355,0.47220563251631775
12355,0.7736283823957398
12355,0.43387677708697747
12356,0.12112972133593936
12357,0.6345346634564555
12358,0.284173147582957
12359,0.16159074624605219
12360,0.43863656590457534
12360,0.17076996471468808
12361,0.024912278261464582
12362,0.6581215305922399
12363,0.30228220020340035
12364,0.5948098473345523
12364,0.7991382190491284
12365,0.35794069660160566
12366,0.6634912018002704
12367,0.7264049132541374
12368,0.7783427296076263
